Target nodes: [1, 21, 8, 9, 22]

Edges to remove per target node:
[
  [(30, 1), (2, 1), (19, 1), (13, 1), (1, 0), (3, 1), (7, 1), (21, 1), (31, 0), (19, 0)],
  [(21, 0), (30, 1), (2, 1), (19, 1), (1, 0), (13, 1), (3, 1), (7, 1), (31, 0), (19, 0)],
  [(8, 0), (8, 2), (33, 8), (32, 8), (30, 1), (33, 30), (32, 2), (32, 31), (33, 19), (33, 13)],
  [(33, 9), (27, 2), (32, 2), (28, 2), (8, 2), (2, 0), (2, 1), (13, 2), (3, 2), (7, 0)],
  [(33, 22), (32, 2), (32, 31), (32, 8), (32, 30), (33, 32), (32, 23), (32, 29), (32, 18), (32, 14)]
]
