Target nodes: [1, 21, 8, 9, 22]

Edges to remove per target node:
[
  [(3, 1), (1, 9), (1, 14), (1, 6), (1, 13), (1, 18), (6, 17), (23, 33), (23, 34), (3, 9)],
  [(27, 34), (16, 34), (15, 34), (21, 34), (34, 19), (34, 32), (17, 6), (17, 7), (6, 7), (5, 7)],
  [(25, 26), (19, 34), (29, 34), (16, 34), (15, 34), (23, 34), (10, 34), (9, 34), (4, 8), (0, 0)],
  [(30, 33), (30, 34), (23, 33), (23, 34), (29, 34), (16, 33), (16, 34), (34, 9), (34, 19), (34, 33)],
  [(33, 30), (33, 31), (33, 32), (33, 34), (22, 2), (28, 25), (28, 34), (2, 31), (31, 34), (7, 6)]
]
