Target nodes: [1, 21, 8, 9, 22]

Edges to remove per target node:
[
  [(1, 2), (4, 1), (3, 1), (27, 30), (2, 31), (9, 1), (5, 1), (7, 1), (32, 1), (7, 5)],
  [(27, 30), (27, 34), (25, 26), (25, 28), (25, 32), (30, 24), (30, 33), (30, 34), (7, 1), (1, 2)],
  [(7, 1), (1, 2), (3, 2), (2, 31), (33, 3), (9, 33), (9, 3), (3, 1), (34, 14), (14, 1)],
  [(6, 1), (4, 3), (7, 1), (9, 3), (3, 1), (1, 20), (24, 34), (34, 14), (33, 3), (2, 31)],
  [(27, 30), (27, 34), (25, 26), (25, 28), (25, 32), (30, 24), (30, 33), (30, 34), (24, 26), (24, 28)]
]
